# oST version 5.0 parameters


[image]

width
640

height
480

[narrow_stereo]

camera matrix
635.349789 0.000000 297.450926
0.000000 632.883831 218.749003
0.000000 0.000000 1.000000

distortion
0.148301 -0.349625 0.003965 -0.004962 0.000000

rectification
1.000000 0.000000 0.000000
0.000000 1.000000 0.000000
0.000000 0.000000 1.000000

projection
644.439087 0.000000 294.610215 0.000000
0.000000 644.913452 219.917788 0.000000
0.000000 0.000000 1.000000 0.000000

